792
757
307
97
268
75
423
859
774
859
590
208
847
745
627
173
3
303
823
693
851
229
967
475
322
645
763
273
952
87
482
189
40
109
437
985
122
443
11
321
294
292
991
933
429
14
406
798
601
184
934
774
252
826
428
902
653
831
823
93
175
245
303
31
189
236
142
462
824
546
324
442
761
913
245
514
492
702
952
695
108
887
10
488
876
669
478
746
370
228
336
301
112
645
830
774
551
159
856
550
970
316
369
371
759
728
255
15
534
790
102
236
63
55
34
494
592
712
107
410
270
674
865
700
913
105
553
537
521
455
149
769
501
144
594
628
23
591
467
519
695
1
948
269
20
36
574
923
959
754
191
344
643
216
896
839
192
677
158
116
963
614
621
527
719
742
795
438
888
308
580
216
398
522
766
263
752
17
867
927
356
305
536
564
461
548
317
983
478
695
942
389
108
564
48
247
564
572
387
401
530
382
19
372
991
285
442
643
658
787
600
106
439
123
274
556
322
511
119
71
709
845
345
318
733
820
557
412
342
12
380
792
263
883
793
829
708
252
792
614
753
625
234
940
262
585
671
322
572
716
79
289
726
278
180
405
60
36
716
732
662
332
956
475
243
984
296
201
187
5
661
285
121
932
83
160
499
702
226
450
232
962
320
791
641
888
569
527
888
830
370
341
319
616
473
83
204
911
56
814
619
104
258
555
685
568
932
359
279
525
305
731
188
625
531
571
183
903
458
693
337
100
76
145
277
810
210
253
610
849
921
729
18
235
333
116
918
646
66
169
454
427
562
149
50
69
782
130
751
567
110
229
374
63
845
211
517
64
500
66
895
160
891
23
565
250
792
635
428
662
716
65
125
900
751
600
38
792
509
655
862
620
823
625
487
943
315
633
807
398
897
220
471
488
123
95
616
92
600
681
98
309
498
312
882
238
113
858
902
529
460
905
541
390
821
822
961
195
541
770
708
882
345
252
483
215
868
421
441
799
261
818
438
729
513
877
145
962
856
367
504
368
588
59
515
806
356
917
549
564
586
832
861
216
884
318
541
735
468
288
817
279
726
2
729
421
314
671
575
317
714
817
94
295
456
233
942
675
776
1
916
523
946
244
384
117
772
937
506
370
543
636
379
614
74
119
586
42
429
218
736
974
758
489
55
743
417
49
272
302
386
543
692
652
874
425
946
615
583
398
818
845
757
102
789
358
643
52
258
14
367
172
135
210
717
801
393
190
526
975
72
582
808
199
757
569
60
995
833
620
40
63
727
548
689
735
11
762
255
536
581
552
86
233
18
943
678
632
455
412
853
574
724
881
149
27
104
824
879
968
405
514
409
353
829
186
17
454
809
519
283
643
726
872
651
439
811
231
133
711
642
796
693
956
422
252
767
687
818
861
910
184
408
948
125
922
277
902
466
456
557
42
724
512
513
717
791
400
398
889
111
182
437
65
77
588
12
437
577
54
20
970
216
421
591
734
463
295
104
283
169
708
530
201
40
668
832
810
487
370
136
732
768
8
69
508
194
463
538
666
117
422
28
374
358
861
485
123
369
428
629
602
70
575
193
383
805
426
93
968
926
928
963
517
554
923
424
922
170
813
921
781
709
198
646
49
724
297
395
828
95
116
598
425
611
692
513
350
993
677
443
483
14
59
882
904
533
904
752
805
493
273
634
113
747
572
510
351
156
176
945
62
247
165
526
992
7
351
266
8
217
195
841
362
138
384
243
753
792
161
461
10
303
513
135
699
5
507
243
167
294
128
740
731
183
341
27
484
834
278
252
281
262
81
771
568
371
708
537
715
613
638
941
112
667
461
671
816
379
371
744
76
816
566
103
845
169
620
394
106
581
694
687
599
405
748
357
385
705
760
124
926
460
798
811
53
541
924
287
180
459
422
42
485
97
456
324
251
491
467
94
595
673
902
153
342
454
431
732
475
661
674
711
748
731
567
135
482
257
554
495
489
360
916
23
754
887
193
110
173
47
696
664
716
2
539
125
379
391
130
100
290
48
973
162
122
867
607
551
603
227
318
198
755
8
572
974
395
959
632
980
7
152
884
477
593
781
598
611
836
367
873
685
159
375
548
767
19
701
284
250
191
518
734
563
276
136
819
373
685
197
242
376
110
805
624
786
733
530
25
358
256
671
342
877
371
283
767
210
539
960
616
220
846
469
525
88
474
121
90
890
163
216
51
375
208
126
919
199
998
799
422
49
509
499
835
953
118
787
278
814
198
49
846
507
290
182
961
357
384
410
966
925
701
985
856
895
473
400
409